pos:[4616, -1485, 4420, -444, -191]   joints:[-3498, -10912, -15914, -10462, 105]
pos:[4864, -1755, 4817, -391, -191]   joints:[-4078, -10226, -13865, -10462, 105]
pos:[4680, -1109, 3287, -676, -191]   joints:[-2334, -6420, -13886, -14808, 105]
pos:[4938, 34, 2738, -737, -191]   joints:[1154, -3849, -12874, -14807, 105]
pos:[4835, -318, 2390, -716, -286]   joints:[102, -3708, -15189, -11041, -904]
pos:[4643, -1157, 2016, -761, -286]   joints:[-2504, -2253, -14902, -11041, -905]
pos:[4118, -3470, 2744, -642, -287]   joints:[-9312, -3286, -12874, -11041, -914]
pos:[2871, -4723, 3236, -580, -246]   joints:[-14096, -4434, -12438, -11042, -475]
pos:[2763, -4945, 2734, -624, -246]   joints:[-14650, -2257, -11388, -11042, -474]
pos:[1869, -3952, 1783, -818, -246]   joints:[-15376, -2263, -16378, -11041, -474]
pos:[-180, -4555, 1712, -780, -246]   joints:[-22483, -1826, -16349, -9302, -474]
pos:[-120, -4825, 1735, -756, -246]   joints:[-22330, -1244, -15160, -9304, -475]
pos:[-515, -5328, 2469, -643, -246]   joints:[-23485, -2724, -13743, -9304, -474]
pos:[-782, -5293, 2458, -645, -246]   joints:[-24228, -2689, -13743, -9304, -474]
pos:[-123, -5969, 3070, -541, -246]   joints:[-22474, -2552, -10966, -9303, -475]
pos:[-1008, -5880, 3063, -542, -246]   joints:[-24668, -2552, -10992, -9304, -474]
pos:[1994, -6783, 5540, -178, -246]   joints:[-18107, -2551, -3751, -6697, -474]
pos:[1778, -6817, 5924, -137, -246]   joints:[-18563, -2848, -2995, -6696, -474]
